0.000000000000000000e+00 0.000000000000000000e+00 0.000000000000000000e+00 0.000000000000000000e+00 0.000000000000000000e+00 0.000000000000000000e+00 0.000000000000000000e+00 0.000000000000000000e+00 0.000000000000000000e+00 0.000000000000000000e+00 0.000000000000000000e+00
1.453273296356201172e+00 3.584582805633544922e-01 3.352980613708496094e-01 2.850446701049804688e-01 3.101820945739746094e-01 2.916755676269531250e-01 3.084878921508789062e-01 2.084190845489501953e-01 2.945156097412109375e-01 2.581033706665039062e-01 2.697663307189941406e-01
1.702900528907775879e+00 1.634919285774230957e+00 1.602718830108642578e+00 1.506142258644104004e+00 1.560688495635986328e+00 1.463103532791137695e+00 1.426757812500000000e+00 1.476742506027221680e+00 1.371084928512573242e+00 1.433244943618774414e+00 1.388889551162719727e+00
5.185559272766113281e+00 5.181151390075683594e+00 5.163303852081298828e+00 5.300642967224121094e+00 5.277935028076171875e+00 5.277935028076171875e+00 5.277935028076171875e+00 5.228950500488281250e+00 5.228950500488281250e+00 5.228950500488281250e+00 5.217415809631347656e+00
5.217415809631347656e+00 5.217415809631347656e+00 5.217415809631347656e+00 5.217415809631347656e+00 5.217415809631347656e+00 5.217415809631347656e+00 5.217415809631347656e+00 5.217415809631347656e+00 5.217415809631347656e+00 5.217415809631347656e+00 5.217415809631347656e+00
1.873460054397583008e+00 2.456423282623291016e+00 3.055475234985351562e+00 3.297275543212890625e+00 2.905834197998046875e+00 3.028809547424316406e+00 2.855655670166015625e+00 2.997338771820068359e+00 2.854323387145996094e+00 2.919917583465576172e+00 3.064069271087646484e+00
3.449772119522094727e+00 2.490243196487426758e+00 1.527384042739868164e+00 1.198024749755859375e+00 8.562741279602050781e-01 7.442133426666259766e-01 4.995861053466796875e-01 3.943810462951660156e-01 3.432822227478027344e-01 3.608224391937255859e-01 3.973562717437744141e-01
1.513089656829833984e+00 7.614908218383789062e-01 3.930933475494384766e-01 3.683209419250488281e-01 4.932761192321777344e-01 1.711642265319824219e+00 1.267530918121337891e-01 2.838873863220214844e-01 5.945470333099365234e-01 1.385364532470703125e-01 8.424730300903320312e-01
2.716049194335937500e+00 2.721182346343994141e+00 2.714111328125000000e+00 2.704802513122558594e+00 2.738275527954101562e+00 2.743391036987304688e+00 2.688779830932617188e+00 2.705702304840087891e+00 2.624664545059204102e+00 2.621932506561279297e+00 2.670262813568115234e+00
3.568871259689331055e+00 3.492820501327514648e+00 3.491711139678955078e+00 3.540361404418945312e+00 3.495037555694580078e+00 3.527293682098388672e+00 3.554400920867919922e+00 3.536906957626342773e+00 3.504693746566772461e+00 3.482233524322509766e+00 3.525000572204589844e+00
2.299814701080322266e+00 2.328368186950683594e+00 2.401259899139404297e+00 2.453821897506713867e+00 2.489505290985107422e+00 2.503522396087646484e+00 2.508082151412963867e+00 2.588097572326660156e+00 2.595044374465942383e+00 2.610351562500000000e+00 2.581469774246215820e+00
