0.000000000000000000e+00 0.000000000000000000e+00 0.000000000000000000e+00 0.000000000000000000e+00 0.000000000000000000e+00 0.000000000000000000e+00 0.000000000000000000e+00 0.000000000000000000e+00 0.000000000000000000e+00 0.000000000000000000e+00 0.000000000000000000e+00
1.000182151794433594e+00 5.023012161254882812e-01 6.554167270660400391e-01 7.864625453948974609e-01 9.467267990112304688e-01 1.035116434097290039e+00 1.181920289993286133e+00 1.390980243682861328e+00 1.532579660415649414e+00 1.639559745788574219e+00 1.813137769699096680e+00
7.538437843322753906e-02 3.799200057983398438e-01 6.842482089996337891e-01 9.869825839996337891e-01 1.295059680938720703e+00 1.599481105804443359e+00 1.907886981964111328e+00 2.205234289169311523e+00 2.505149841308593750e+00 2.812765121459960938e+00 3.125616312026977539e+00
2.029855251312255859e-01 5.106251239776611328e-01 7.232713699340820312e-01 9.697694778442382812e-01 1.306037902832031250e+00 1.434833765029907227e+00 1.262219190597534180e+00 1.637658119201660156e+00 1.636632680892944336e+00 1.641317129135131836e+00 2.259785652160644531e+00
2.260053634643554688e+00 2.256120204925537109e+00 2.255864620208740234e+00 2.258361339569091797e+00 2.261168003082275391e+00 2.260171413421630859e+00 2.262190818786621094e+00 2.262957096099853516e+00 2.269332885742187500e+00 2.325136899948120117e+00 2.295189857482910156e+00
4.400632381439208984e-01 2.148199319839477539e+00 3.445973157882690430e+00 5.113721370697021484e+00 6.424955129623413086e+00 7.946589708328247070e+00 9.599848985671997070e+00 1.096126055717468262e+01 1.245153832435607910e+01 1.395829534530639648e+01 1.546422052383422852e+01
6.110751390457153320e+00 3.506534624099731445e+01 6.288656973838806152e+01 9.059051918983459473e+01 1.195783786773681641e+02 1.492677803039550781e+02 1.818337044715881348e+02 2.076134738922119141e+02 2.365014684200286865e+02 2.704554455280303955e+02 3.086050317287445068e+02
6.133125305175781250e+00 3.505895590782165527e+01 6.290281867980957031e+01 9.068058514595031738e+01 1.267640192508697510e+02 1.496842312812805176e+02 1.791377031803131104e+02 2.073288097381591797e+02 2.320070104598999023e+02 2.607658638954162598e+02 3.069555620670318604e+03
1.179270887374877930e+01 6.348773360252380371e+01 9.133034110069274902e+01 1.191347970962524414e+02 1.551820065975189209e+02 1.781170105934143066e+02 2.075393526554107666e+02 2.357362775802612305e+02 2.604065675735473633e+02 2.892043251991271973e+02 3.098018909931182861e+03
1.717179179191589355e+01 8.984429001808166504e+01 1.176314656734466553e+02 1.456055991649627686e+02 1.813835871219635010e+02 2.042965128421783447e+02 2.337047350406646729e+02 2.619133956432342529e+02 2.865465595722198486e+02 3.153426668643951416e+02 3.124185938835144043e+03
1.784400224685668945e+01 9.521286630630493164e+01 1.229937877655029297e+02 1.509641008377075195e+02 1.867401320934295654e+02 2.096457998752593994e+02 2.390678138732910156e+02 2.672723269462585449e+02 2.919037008285522461e+02 3.206884639263153076e+02 3.129533820629119873e+03
