0.000000000000000000e+00 0.000000000000000000e+00 0.000000000000000000e+00 0.000000000000000000e+00 0.000000000000000000e+00 0.000000000000000000e+00 0.000000000000000000e+00 0.000000000000000000e+00 0.000000000000000000e+00 0.000000000000000000e+00 0.000000000000000000e+00
6.715534687042236328e+00 4.488826751708984375e+00 4.409481048583984375e+00 4.095313549041748047e+00 4.254505634307861328e+00 4.105625629425048828e+00 4.261154651641845703e+00 3.728176116943359375e+00 4.117279052734375000e+00 3.939739942550659180e+00 3.988098859786987305e+00
1.214339447021484375e+01 1.243835735321044922e+01 1.221892642974853516e+01 1.203189659118652344e+01 1.245591545104980469e+01 1.214622306823730469e+01 1.223229980468750000e+01 1.241053104400634766e+01 1.183436489105224609e+01 1.219603347778320312e+01 1.188764572143554688e+01
1.026255035400390625e+01 1.016286659240722656e+01 1.013165378570556641e+01 1.019259262084960938e+01 1.023107433319091797e+01 1.023107433319091797e+01 1.023107433319091797e+01 1.020752620697021484e+01 1.020752620697021484e+01 1.020752620697021484e+01 1.022242832183837891e+01
1.022242832183837891e+01 1.022242832183837891e+01 1.022242832183837891e+01 1.022242832183837891e+01 1.022242832183837891e+01 1.022242832183837891e+01 1.022242832183837891e+01 1.022242832183837891e+01 1.022242832183837891e+01 1.022242832183837891e+01 1.022242832183837891e+01
1.015629386901855469e+01 8.746886253356933594e+00 8.492735862731933594e+00 8.584497451782226562e+00 8.226965904235839844e+00 8.397357940673828125e+00 8.222009658813476562e+00 8.343015670776367188e+00 8.229802131652832031e+00 8.290407180786132812e+00 8.382657051086425781e+00
8.785923957824707031e+00 7.875856876373291016e+00 6.780264854431152344e+00 6.287502765655517578e+00 5.678534030914306641e+00 5.411663055419921875e+00 4.855465412139892578e+00 4.565056800842285156e+00 4.324377536773681641e+00 4.481613159179687500e+00 4.538353443145751953e+00
6.082961082458496094e+00 5.214345455169677734e+00 4.348068237304687500e+00 3.981710672378540039e+00 5.014275550842285156e+00 7.080407142639160156e+00 3.082173109054565430e+00 4.198061943054199219e+00 5.146096706390380859e+00 3.244163036346435547e+00 5.294788837432861328e+00
1.392311477661132812e+01 1.477742290496826172e+01 1.295765399932861328e+01 1.157563018798828125e+01 1.030251598358154297e+01 9.332555770874023438e+00 8.988873481750488281e+00 8.203585624694824219e+00 8.084246635437011719e+00 8.028253555297851562e+00 8.051192283630371094e+00
9.203057289123535156e+00 9.545636177062988281e+00 9.058292388916015625e+00 9.399860382080078125e+00 8.945833206176757812e+00 9.287258148193359375e+00 8.850804328918457031e+00 8.830089569091796875e+00 8.819673538208007812e+00 8.875800132751464844e+00 8.826002120971679688e+00
9.490436553955078125e+00 9.524086952209472656e+00 9.585454940795898438e+00 9.573325157165527344e+00 9.575130462646484375e+00 9.579009056091308594e+00 9.558860778808593750e+00 9.604624748229980469e+00 9.655813217163085938e+00 9.669610977172851562e+00 9.679435729980468750e+00
